79
81
9
50
3
34
48
5
61
5
75
86
29
25
40
83
30
79
21
19
71
49
16
92
25
80
3
51
10
4
75
67
69
4
48
62
64
22
32
37
86
8
69
86
53
25
36
37
65
48
59
23
80
13
68
91
42
31
25
15
3
22
81
73
47
64
88
45
92
10
21
75
34
50
45
91
63
38
84
8
85
96
55
98
86
42
52
85
84
64
9
6
2
17
95
65
94
51
68
61
41
97
93
2
35
35
22
94
96
76
96
21
26
43
74
91
84
28
58
20
74
54
46
47
81
34
86
45
91
81
97
23
38
12
28
93
11
30
12
44
44
86
44
47
10
23
30
76
35
11
81
90
38
1
98
94
43
95
98
87
95
2
71
30
47
95
79
72
79
97
53
53
25
65
98
46
95
52
34
61
89
69
12
67
15
21
26
42
78
43
99
70
65
35
91
33
80
47
89
49
